132    LychokBest 12
9.000000
69 0
9.000000
69 1
9.000000
69 2
21 12
0.000000
33 0.000000
65 0
18 21
21 24
22.000000
21 102
22.000000
21 85
33 0.000000
65 3
17 39
33 nan
33 nan
3.000000
3.000000
22.000000
65 3
12.000000
69 3
65 3
33 0.000000
65 1
6.000000
2.000000
33 2.000000
65 0
7.000000
8.000000
3.000000
33 0.000000
65 3
19 66
22.000000
33 0.000000
65 3
6.000000
33 0.000000
65 1
6.000000
2.000000
33 2.000000
65 0
7.000000
8.000000
3.000000
22.000000
65 1
65 1
7.000000
33 4.000000
65 0
65 2
7.000000
7.000000
6.000000
69 3
22.000000
33 0.000000
65 1
18 118
33 0.000000
65 2
6.000000
65 1
8.000000
3.000000
22.000000
33 0.000000
65 2
18 128
33 nan
3.000000
22.000000
33 inf
3.000000
22.000000
